vision_plug_detection:
  square_size: 0.006
  board_width: 4
  board_height: 5

  plug_position_x: 0.0168419129526
  plug_position_y: 0.049445174506
  plug_position_z: 0.0264438046083
  plug_orientation_x: 0.492416466858
  plug_orientation_y: 0.525238628122
  plug_orientation_z: -0.492528745571
  plug_orientation_w: -0.488943597445

